iteracao1:
camada0
0.40, 0.00, 
-0.40, -0.00, 
-0.40, -0.00, 

iteracao1:
camada0
0.00, 0.40, 
-0.00, -0.40, 
0.00, 0.40, 

iteracao1:
camada0
-0.40, 0.40, 
-0.40, 0.40, 
0.40, -0.40, 

iteracao1:
camada0
-0.40, 0.00, 
-0.40, 0.00, 
-0.40, 0.00, 

iteracao2:
camada0
0.00, 0.00, 
-0.00, -0.00, 
-0.00, -0.00, 

iteracao2:
camada0
0.00, 0.40, 
-0.00, -0.40, 
0.00, 0.40, 

iteracao2:
camada0
-0.40, 0.00, 
-0.40, 0.00, 
0.40, -0.00, 

iteracao2:
camada0
0.00, 0.00, 
0.00, 0.00, 
0.00, 0.00, 

iteracao3:
camada0
0.00, 0.00, 
-0.00, -0.00, 
-0.00, -0.00, 

iteracao3:
camada0
-0.40, 0.00, 
0.40, -0.00, 
-0.40, 0.00, 

iteracao3:
camada0
0.00, 0.00, 
0.00, 0.00, 
-0.00, -0.00, 

iteracao3:
camada0
0.00, 0.00, 
0.00, 0.00, 
0.00, 0.00, 

iteracao4:
camada0
0.00, 0.00, 
-0.00, -0.00, 
-0.00, -0.00, 

iteracao4:
camada0
0.00, 0.00, 
-0.00, -0.00, 
0.00, 0.00, 

iteracao4:
camada0
0.00, 0.00, 
0.00, 0.00, 
-0.00, -0.00, 

iteracao4:
camada0
0.00, 0.00, 
0.00, 0.00, 
0.00, 0.00, 

